Routine1_Subject1_X-Acc,50,738,1722,11356,14124,20558,29858,32736,35194,37310,40450,50104,53254
Routine1_Subject1_X-Gyro,50,738,1722,11356,14124,20558,29858,32736,35194,37310,40450,50104,53254
Routine1_Subject1_X-Mag,50,738,1722,11356,14124,20558,29858,32736,35194,37310,40450,50104,53254
Routine1_Subject1_Y-Acc,50,738,1722,11356,14124,20558,29858,32736,35194,37310,40450,50104,53254
Routine1_Subject1_Y-Gyro,50,738,1722,11356,14124,20558,29858,32736,35194,37310,40450,50104,53254
Routine1_Subject1_Y-Mag,50,738,1722,11356,14124,20558,29858,32736,35194,37310,40450,50104,53254
Routine1_Subject1_Z-Acc,50,738,1722,11356,14124,20558,29858,32736,35194,37310,40450,50104,53254
Routine1_Subject1_Z-Gyro,50,738,1722,11356,14124,20558,29858,32736,35194,37310,40450,50104,53254
Routine1_Subject1_Z-Mag,50,738,1722,11356,14124,20558,29858,32736,35194,37310,40450,50104,53254
Routine1_Subject2_X-Acc,50,928,1652,10952,14086,20136,29236,32502,36202,38714,41864,51064,54131
Routine1_Subject2_X-Gyro,50,928,1652,10952,14086,20136,29236,32502,36202,38714,41864,51064,54131
Routine1_Subject2_X-Mag,50,928,1652,10952,14086,20136,29236,32502,36202,38714,41864,51064,54131
Routine1_Subject2_Y-Acc,50,928,1652,10952,14086,20136,29236,32502,36202,38714,41864,51064,54131
Routine1_Subject2_Y-Gyro,50,928,1652,10952,14086,20136,29236,32502,36202,38714,41864,51064,54131
Routine1_Subject2_Y-Mag,50,928,1652,10952,14086,20136,29236,32502,36202,38714,41864,51064,54131
Routine1_Subject2_Z-Acc,50,928,1652,10952,14086,20136,29236,32502,36202,38714,41864,51064,54131
Routine1_Subject2_Z-Gyro,50,928,1652,10952,14086,20136,29236,32502,36202,38714,41864,51064,54131
Routine1_Subject2_Z-Mag,50,928,1652,10952,14086,20136,29236,32502,36202,38714,41864,51064,54131
Routine1_Subject3_X-Acc,50,751,1853,10953,13686,19835,28944,31644,34278,36570,39820,48154,51171
Routine1_Subject3_X-Gyro,50,751,1853,10953,13686,19835,28944,31644,34278,36570,39820,48154,51171
Routine1_Subject3_X-Mag,50,751,1853,10953,13686,19835,28944,31644,34278,36570,39820,48154,51171
Routine1_Subject3_Y-Acc,50,751,1853,10953,13686,19835,28944,31644,34278,36570,39820,48154,51171
Routine1_Subject3_Y-Gyro,50,751,1853,10953,13686,19835,28944,31644,34278,36570,39820,48154,51171
Routine1_Subject3_Y-Mag,50,751,1853,10953,13686,19835,28944,31644,34278,36570,39820,48154,51171
Routine1_Subject3_Z-Acc,50,751,1853,10953,13686,19835,28944,31644,34278,36570,39820,48154,51171
Routine1_Subject3_Z-Gyro,50,751,1853,10953,13686,19835,28944,31644,34278,36570,39820,48154,51171
Routine1_Subject3_Z-Mag,50,751,1853,10953,13686,19835,28944,31644,34278,36570,39820,48154,51171
Routine1_Subject4_X-Acc,50,625,1289,11428,14853,21203,28553,31665,34492,36898,40248,49623,52749
Routine1_Subject4_X-Gyro,50,625,1289,11428,14853,21203,28553,31665,34492,36898,40248,49623,52749
Routine1_Subject4_X-Mag,50,625,1289,11428,14853,21203,28553,31665,34492,36898,40248,49623,52749
Routine1_Subject4_Y-Acc,50,625,1289,11428,14853,21203,28553,31665,34492,36898,40248,49623,52749
Routine1_Subject4_Y-Gyro,50,625,1289,11428,14853,21203,28553,31665,34492,36898,40248,49623,52749
Routine1_Subject4_Y-Mag,50,625,1289,11428,14853,21203,28553,31665,34492,36898,40248,49623,52749
Routine1_Subject4_Z-Acc,50,625,1289,11428,14853,21203,28553,31665,34492,36898,40248,49623,52749
Routine1_Subject4_Z-Gyro,50,625,1289,11428,14853,21203,28553,31665,34492,36898,40248,49623,52749
Routine1_Subject4_Z-Mag,50,625,1289,11428,14853,21203,28553,31665,34492,36898,40248,49623,52749
Routine1_Subject5_X-Acc,50,601,1302,10402,13371,20223,29498,32597,34873,37268,40373,49798,53024
Routine1_Subject5_X-Gyro,50,601,1302,10402,13371,20223,29498,32597,34873,37268,40373,49798,53024
Routine1_Subject5_X-Mag,50,601,1302,10402,13371,20223,29498,32597,34873,37268,40373,49798,53024
Routine1_Subject5_Y-Acc,50,601,1302,10402,13371,20223,29498,32597,34873,37268,40373,49798,53024
Routine1_Subject5_Y-Gyro,50,601,1302,10402,13371,20223,29498,32597,34873,37268,40373,49798,53024
Routine1_Subject5_Y-Mag,50,601,1302,10402,13371,20223,29498,32597,34873,37268,40373,49798,53024
Routine1_Subject5_Z-Acc,50,601,1302,10402,13371,20223,29498,32597,34873,37268,40373,49798,53024
Routine1_Subject5_Z-Gyro,50,601,1302,10402,13371,20223,29498,32597,34873,37268,40373,49798,53024
Routine1_Subject5_Z-Mag,50,601,1302,10402,13371,20223,29498,32597,34873,37268,40373,49798,53024
Routine1_Subject6_X-Acc,50,868,1835,11570,14778,21287,30679,34019,37352,40327,43636,52885,56103
Routine1_Subject6_X-Gyro,50,868,1835,11570,14778,21287,30679,34019,37352,40327,43636,52885,56103
Routine1_Subject6_X-Mag,50,868,1835,11570,14778,21287,30679,34019,37352,40327,43636,52885,56103
Routine1_Subject6_Y-Acc,50,868,1835,11570,14778,21287,30679,34019,37352,40327,43636,52885,56103
Routine1_Subject6_Y-Gyro,50,868,1835,11570,14778,21287,30679,34019,37352,40327,43636,52885,56103
Routine1_Subject6_Y-Mag,50,868,1835,11570,14778,21287,30679,34019,37352,40327,43636,52885,56103
Routine1_Subject6_Z-Acc,50,868,1835,11570,14778,21287,30679,34019,37352,40327,43636,52885,56103
Routine1_Subject6_Z-Gyro,50,868,1835,11570,14778,21287,30679,34019,37352,40327,43636,52885,56103
Routine1_Subject6_Z-Mag,50,868,1835,11570,14778,21287,30679,34019,37352,40327,43636,52885,56103
Routine2_Subject2_X-Acc,50,9018,10519
Routine2_Subject2_X-Gyro,50,9018,10519
Routine2_Subject2_X-Mag,50,9018,10519
Routine2_Subject2_Y-Acc,50,9018,10519
Routine2_Subject2_Y-Gyro,50,9018,10519
Routine2_Subject2_Y-Mag,50,9018,10519
Routine2_Subject2_Z-Acc,50,9018,10519
Routine2_Subject2_Z-Gyro,50,9018,10519
Routine2_Subject2_Z-Mag,50,9018,10519
Routine2_Subject3_X-Acc,50,9001,10452
Routine2_Subject3_X-Gyro,50,9001,10452
Routine2_Subject3_X-Mag,50,9001,10452
Routine2_Subject3_Y-Acc,50,9001,10452
Routine2_Subject3_Y-Gyro,50,9001,10452
Routine2_Subject3_Y-Mag,50,9001,10452
Routine2_Subject3_Z-Acc,50,9001,10452
Routine2_Subject3_Z-Gyro,50,9001,10452
Routine2_Subject3_Z-Mag,50,9001,10452
Routine2_Subject4_X-Acc,50,9001,9701
Routine2_Subject4_X-Gyro,50,9001,9701
Routine2_Subject4_X-Mag,50,9001,9701
Routine2_Subject4_Y-Acc,50,9001,9701
Routine2_Subject4_Y-Gyro,50,9001,9701
Routine2_Subject4_Y-Mag,50,9001,9701
Routine2_Subject4_Z-Acc,50,9001,9701
Routine2_Subject4_Z-Gyro,50,9001,9701
Routine2_Subject4_Z-Mag,50,9001,9701
Routine2_Subject5_X-Acc,50,9127,10070
Routine2_Subject5_X-Gyro,50,9127,10070
Routine2_Subject5_X-Mag,50,9127,10070
Routine2_Subject5_Y-Acc,50,9127,10070
Routine2_Subject5_Y-Gyro,50,9127,10070
Routine2_Subject5_Y-Mag,50,9127,10070
Routine2_Subject5_Z-Acc,50,9127,10070
Routine2_Subject5_Z-Gyro,50,9127,10070
Routine2_Subject5_Z-Mag,50,9127,10070
Routine3_Subject2_X-Acc,50,5901,8943,14894,16444,17594
Routine3_Subject2_X-Gyro,50,5901,8943,14894,16444,17594
Routine3_Subject2_X-Mag,50,5901,8943,14894,16444,17594
Routine3_Subject2_Y-Acc,50,5901,8943,14894,16444,17594
Routine3_Subject2_Y-Gyro,50,5901,8943,14894,16444,17594
Routine3_Subject2_Y-Mag,50,5901,8943,14894,16444,17594
Routine3_Subject2_Z-Acc,50,5901,8943,14894,16444,17594
Routine3_Subject2_Z-Gyro,50,5901,8943,14894,16444,17594
Routine3_Subject2_Z-Mag,50,5901,8943,14894,16444,17594
Routine3_Subject3_X-Acc,50,6118,9175,15242,16841,18067
Routine3_Subject3_X-Gyro,50,6118,9175,15242,16841,18067
Routine3_Subject3_X-Mag,50,6118,9175,15242,16841,18067
Routine3_Subject3_Y-Acc,50,6118,9175,15242,16841,18067
Routine3_Subject3_Y-Gyro,50,6118,9175,15242,16841,18067
Routine3_Subject3_Y-Mag,50,6118,9175,15242,16841,18067
Routine3_Subject3_Z-Acc,50,6118,9175,15242,16841,18067
Routine3_Subject3_Z-Gyro,50,6118,9175,15242,16841,18067
Routine3_Subject3_Z-Mag,50,6118,9175,15242,16841,18067
Routine3_Subject4_X-Acc,50,6001,9134,15201,16751,17680
Routine3_Subject4_X-Gyro,50,6001,9134,15201,16751,17680
Routine3_Subject4_X-Mag,50,6001,9134,15201,16751,17680
Routine3_Subject4_Y-Acc,50,6001,9134,15201,16751,17680
Routine3_Subject4_Y-Gyro,50,6001,9134,15201,16751,17680
Routine3_Subject4_Y-Mag,50,6001,9134,15201,16751,17680
Routine3_Subject4_Z-Acc,50,6001,9134,15201,16751,17680
Routine3_Subject4_Z-Gyro,50,6001,9134,15201,16751,17680
Routine3_Subject4_Z-Mag,50,6001,9134,15201,16751,17680
Routine3_Subject5_X-Acc,50,6056,9160,15209,16735,17785
Routine3_Subject5_X-Gyro,50,6056,9160,15209,16735,17785
Routine3_Subject5_X-Mag,50,6056,9160,15209,16735,17785
Routine3_Subject5_Y-Acc,50,6056,9160,15209,16735,17785
Routine3_Subject5_Y-Gyro,50,6056,9160,15209,16735,17785
Routine3_Subject5_Y-Mag,50,6056,9160,15209,16735,17785
Routine3_Subject5_Z-Acc,50,6056,9160,15209,16735,17785
Routine3_Subject5_Z-Gyro,50,6056,9160,15209,16735,17785
Routine3_Subject5_Z-Mag,50,6056,9160,15209,16735,17785
